2.451777435
2.397009343
2.318406798
2.216808611
2.093196802
1.948778436
1.785047004
1.60357783
1.406191743
1.194801636
0.971596598
0.738735026
0.498513416
0.253361246
0.005743317
-0.241942703
-0.487291788
-0.727758903
-0.961039879
-1.184735928
-1.396698879
-1.594780564
-1.777027171
-1.941617871
-2.086956881
-2.211571169
-2.314171836
-2.393858694
-2.449752018
-2.48131988
-2.488255399
-2.47045628
-2.428147571
-2.361697528
-2.271822209
-2.15938088
-2.025478316
-1.871505711
-1.698936096
-1.509488007
-1.305053878
-1.087648897
-0.859441692
-0.622708301
-0.379816823
-0.133143033
0.114764676
0.361659676
0.604960329
0.842225648
1.071107992
1.289392699
1.494839537
1.685453775
1.859353209
2.014798845
2.150194899
2.264293386
2.355866782
2.424096737
2.468205817
2.487846224
2.482751993
2.452984502
2.398932466
2.32100506
2.220061554
2.097022589
1.953238445
1.790018482
1.6089994
1.412042947
1.201082475
0.9781434
0.745517104
0.505510311
0.260439976
0.012865361
-0.234871645
-0.480284664
-0.720976825
-0.954462389
-1.178475548
-1.390827216
-1.589318076
-1.772035235
-1.937178321
-2.083049258
-2.208297768
-2.311594032
-2.391874195
-2.448504034
-2.480747035
-2.488378151
-2.471295089
-2.429681977
-2.363947991
-2.274727352
-2.162920245
-2.029631444
-1.876190766
-1.704112162
-1.515134623
-1.311089211
-1.094042258
-0.866131706
-0.629613131
-0.386864865
-0.140288254
0.10770129
0.35460652
0.598019696
0.835484488
1.064683942
1.28328576
1.489152002
1.680236792
1.854627237
2.0106048
2.146614616
2.261326866
2.35359586
2.422480495
2.467285173
2.487621177
2.483222544
2.454212027
2.400814671
2.323562405
2.223232661
2.100889294
1.957616619
1.794949043
1.614461889
1.417894152
1.207301937
0.984690202
0.752299182
0.512466289
0.26754428
0.020020812
-0.227772456
-0.473303113
-0.714133371
-0.94785421
-1.172174251
-1.384894177
-1.583835129
-1.767022839
-1.932656936
-2.079141636
-2.20498345
-2.308913935
-2.389930613
-2.447194673
-2.480133272
-2.488521362
-2.472113439
-2.431236843
-2.366157537
-2.277591578
-2.166398234
-2.033764113
-1.880855363
-1.709288227
-1.52078124
-1.317134774
-1.10043562
-0.872791031
-0.636466815
-0.393866874
-0.147375934
0.100571413
0.347578937
0.591114865
0.828794474
1.058218975
1.277189051
1.48342355
1.674978892
1.849880805
2.006390296
2.143013875
2.258360347
2.351263562
2.420802877
2.46634407
2.487355213
2.483734013
2.455398635
2.402655959
2.326078832
2.226465144
2.104674164
1.962015252
1.799879603
1.619842542
1.423745356
1.21351117
0.991237004
0.759101719
0.519406922
0.274625567
0.027112328
-0.220663038
-0.466290874
-0.707300146
-0.941286949
-1.16594456
-1.378981596
-1.578311265
-1.762010444
-1.928196927
-2.075254472
-2.201669131
-2.306254297
-2.387946113
-2.445885313
-2.479580886
-2.488582739
-2.472972707
-2.432730332
-2.368367083
-2.280476263
-2.169896681
-2.037855864
-1.885499501
-1.714464293
-1.52638694
-1.323149648
-1.106808523
-0.879440127
-0.643351186
-0.400863769
-0.154466172
0.093444094
0.340520666
0.584199805
0.822073772
1.051794925
1.271082112
1.477715557
1.669720991
1.845093456
2.002175792
2.139372216
2.255311992
2.348910805
2.419125259
2.465341591
2.487109708
2.484184106
2.456544325
2.404517706
2.328636177
2.229636252
2.108459034
1.966393426
1.804769246
1.625223195
1.429555643
1.219720402
0.997763348
0.765873567
0.526378243
0.281701739
0.034244123
-0.213597095
-0.459314438
-0.700497609
-0.93469923
-1.159622804
-1.373048556
-1.572828318
-1.75697759
-1.923696
-2.071305932
-2.198375271
-2.303553741
-2.385941155
-2.444575953
-2.478905747
-2.488685033
-2.473729681
-2.434223821
-2.370515252
-2.283299571
-2.173395129
-2.041886239
-1.890143639
-1.719619899
-1.532013098
-1.329184981
-1.113171196
-0.886109682
-0.650235558
-0.407927155
-0.161592213
0.086332118
0.333480296
0.577269401
0.815342841
1.045340187
1.264964943
1.471987105
1.664401714
1.840306107
1.997940829
2.135730557
2.252304555
2.346537589
2.417488558
2.464400488
2.486823286
2.484593281
2.457710474
2.406358995
2.331173063
2.2327869
2.112243904
1.9707716
1.809699806
1.630624307
1.435427306
1.225929635
1.004279462
0.772665874
0.533334221
0.288767683
0.041343951
-0.206500463
-0.452312428
-0.693664384
-0.92811151
-1.153341965
-1.367115517
-1.567304454
-1.751944735
-1.919174615
-2.067336933
-2.194999576
-2.300832726
-2.383874821
-2.443225675
-2.478291984
-2.48872595
-2.474527573
-2.435717311
-2.372704339
-2.28612288
-2.176852659
-2.045977991
-1.894746859
-1.724755047
-1.537618797
-1.335230544
-1.119554328
-0.892789466
-0.657114815
-0.414970082
-0.168695238
0.079237405
0.326411795
0.570359456
0.80861191
1.038854761
1.258806857
1.466258653
1.659102896
1.835518758
1.993685408
2.13206844
2.249276659
2.344143915
2.415749564
2.46337755
2.486536863
2.485002456
2.45877433
2.408138906
2.333628113
2.23591709
2.115967398
1.975108856
1.814548532
1.63600496
1.441217135
1.23210818
1.010785347
0.779386576
0.540300427
0.295815724
0.048447615
-0.199393603
-0.445295075
-0.68683116
-0.921493102
-1.146999751
-1.361162019
-1.561780589
-1.746891422
-1.914632771
-2.063388393
-2.19164434
-2.29813217
-2.381828945
-2.441854938
-2.477637304
-2.488828244
-2.475284547
-2.437128965
-2.37483205
-2.288966647
-2.180310189
-2.050028824
-1.899390997
-1.729890195
-1.543224497
-1.341214731
-1.125906772
-0.899407874
-0.663973613
-0.421951633
-0.175758624
0.072103692
0.319356082
0.563429052
0.801901438
1.032420482
1.252659001
1.460489284
1.653783619
1.83071095
1.989429986
2.128385864
2.246207845
2.34175024
2.414031028
2.462354612
2.486229982
2.485391173
2.459879103
2.409939277
2.336103623
2.239026821
2.119752268
1.979405195
1.819417716
1.641365154
1.446986504
1.238276495
1.017291231
0.786178883
0.547241061
0.302897012
0.055580049
-0.192319988
-0.438308409
-0.679977476
-0.914884923
-1.140677995
-1.355167603
-1.556215807
-1.741797192
-1.910090927
-2.059358018
-2.188248186
-2.295390697
-2.379742152
-2.440443284
-2.476941706
-2.488828244
-2.475980144
-2.438581537
-2.376959761
-2.29170812
-2.183706342
-2.054038741
-1.903973758
-1.735004885
-1.548789279
-1.347188688
-1.132238757
-0.906036511
-0.670842641
-0.428968987
-0.18286037
0.065024962
0.312295253
0.556483304
0.795160278
1.025924827
1.246521374
1.454699455
1.648484801
1.825862224
1.985133647
2.124682829
2.243139031
2.339336107
2.412292034
2.461311216
2.485882183
2.485779889
2.460963417
2.411719189
2.338558674
2.242136552
2.123496221
1.983701534
1.824266441
1.64670489
1.452776332
1.24444481
1.023776657
0.792920044
0.554171465
0.309932267
0.06267732
-0.185210569
-0.431331973
-0.673123792
-0.908235827
-1.134366468
-1.349193646
-1.550651026
-1.736702961
-1.905487706
-2.055389019
-2.184852033
-2.292649223
-2.3776349
-2.439093006
-2.47622565
-2.488828244
-2.476737118
-2.44001365
-2.379067013
-2.294470053
-2.187122955
-2.058048657
-1.90855652
-1.740078656
-1.554354061
-1.353203562
-1.138580972
-0.912654919
-0.677686095
-0.435970996
-0.189957001
0.0579002
0.305239539
0.549547786
0.788408888
1.01944963
1.240363288
1.448909627
1.643124607
1.821013499
1.98081685
2.120979794
2.240049759
2.336881056
2.410512122
2.460226902
2.485493466
2.48608677
2.462006813
2.413478642
2.340952348
2.245205366
2.127158338
1.988018332
1.829094708
1.652024166
1.45856616
1.250613125
1.030231395
0.799630516
0.561122327
0.316985423
0.069796967
-0.178096037
-0.424309505
-0.66624965
-0.90160719
-1.128034483
-1.343219689
-1.545065785
-1.731567813
-1.900904945
-2.051358644
-2.181455879
-2.289846374
-2.375527648
-2.437619975
-2.475509593
-2.488807785
-2.477391799
-2.441384386
-2.381112888
-2.297211526
-2.190519108
-2.062038115
-1.913098364
-1.745172887
-1.559898384
-1.35915706
-1.144892499
-0.919293786
-0.68451932
-0.442973006
-0.197048518
0.050784389
0.298160809
0.542591808
0.781677957
1.012943746
1.234154055
1.443140258
1.637784872
1.816144315
1.976520511
2.117235841
2.236940028
2.334446464
2.408752669
2.459163046
2.485125209
2.486455028
2.463029751
2.415197178
2.343346023
2.248253721
2.130840914
1.992294212
1.833902516
1.657343443
1.464355989
1.256750752
1.03673728
0.806402365
0.568062961
0.324074382
0.07692173
-0.170996848
-0.417256348
-0.659401081
-0.894968324
-1.121641121
-1.337194585
-1.539460086
-1.726473583
-1.896301725
-2.047328268
-2.178018808
-2.287084441
-2.373379478
-2.436146945
-2.474752619
-2.488766868
-2.478046479
-2.442775582
-2.383158764
-2.299973458
-2.193853886
-2.066027572
-1.917681126
-1.7502262
-1.565463166
-1.3650901
-1.151214255
-0.925881505
-0.691383233
-0.449990359
-0.204155378
0.043651955
0.291089751
0.535671634
0.774895879
1.006407173
1.227955052
1.437329971
1.632404218
1.811316048
1.972162795
2.113491889
2.233789379
2.331930037
2.40693184
2.458037815
2.484695575
2.486741451
2.46403223
2.416895254
2.345760156
2.251302075
2.134503032
1.996508716
1.838730782
1.66266272
1.470063982
1.262908838
1.043222706
0.813112837
0.574983135
0.331091736
0.084019
-0.163904053
-0.410264568
-0.652521824
-0.888349916
-1.115298907
-1.33118994
-1.533874845
-1.721338435
-1.891678045
-2.043256976
-2.174561278
-2.284220215
-2.371231309
-2.434694373
-2.473975186
-2.48872595
-2.478701159
-2.444105401
-2.385225099
-2.302633097
-2.19725004
-2.07001703
-1.922141135
-1.75532043
-1.57098703
-1.371064057
-1.157525781
-0.932510143
-0.69817554
-0.456992369
-0.211259682
0.036534865
0.284005907
0.528700312
0.768103572
0.999911517
1.221756049
1.431519684
1.627023565
1.806405946
1.967825539
2.109727477
2.23065919
2.329434068
2.405090552
2.456892124
2.484265941
2.487007414
2.465034709
2.418593331
2.348112913
2.254329971
2.138165149
2.000743679
1.843518132
1.667941079
1.475792434
1.269056695
1.049636526
0.819823309
0.581898195
0.338162794
0.091125861
-0.156804864
-0.403252329
-0.645642567
-0.88169059
-1.108926004
-1.325185294
-1.528248687
-1.716203287
-1.887054366
-2.039206142
-2.171083289
-2.281437824
-2.369083139
-2.433241801
-2.473218212
-2.488603198
-2.479355839
-2.445455679
-2.387250515
-2.305354111
-2.200584817
-2.073883735
-1.926682979
-1.760312367
-1.576469977
-1.376976638
-1.163786161
-0.939077404
-0.705008765
-0.463994379
-0.218348641
0.029423209
0.276968094
0.52174945
0.761372641
0.993415862
1.215608192
1.425668479
1.621642912
1.801516304
1.963447365
2.105922148
2.227508541
2.326958559
2.403290181
2.455766893
2.483856766
2.487314296
2.46601673
2.420270949
2.350486129
2.257337409
2.141806808
2.0049991
1.848285022
1.673219439
1.481541345
1.275163634
1.056101493
0.826523552
0.588849058
0.345256868
0.098227607
-0.149694167
-0.396188943
-0.638788883
-0.875010806
-1.10256333
-1.319139732
-1.522683905
-1.711027221
-1.882430687
-2.035093932
-2.167564383
-2.27855314
-2.366894052
-2.431707394
-2.472399862
-2.488541821
-2.479969602
-2.44676504
-2.389235015
-2.30801375
-2.203899136
-2.077852734
-1.931204364
-1.76536568
-1.581993841
-1.382930136
-1.170077228
-0.945654894
-0.711872678
-0.470955471
-0.225429928
0.022332332
0.269881693
0.514793472
0.754549645
0.986879289
1.209368271
1.419858192
1.616262259
1.796585743
1.95908965
2.102137278
2.224316975
2.324401214
2.401428434
2.454580285
2.483386214
2.487518883
2.466978291
2.42190765
2.352797969
2.260344846
2.145448467
2.009234063
1.853072371
1.678477339
1.487249338
1.281260343
1.062556231
0.833295401
0.595733429
0.35229468
0.105381778
-0.142592421
-0.389192048
-0.631904512
-0.86836171
-1.096169969
-1.313094169
-1.517037288
-1.705871615
-1.877745632
-2.030981722
-2.164065936
-2.275688914
-2.364664048
-2.430193446
-2.47160197
-2.488439527
-2.480542447
-2.448053941
-2.391199056
-2.310673388
-2.207172537
-2.081739898
-1.935684832
-1.770378075
-1.587476788
-1.388822258
-1.176347837
-0.952242614
-0.718685444
-0.47795748
-0.232495872
0.015211086
0.262785061
0.507822151
0.747777797
0.980332487
1.20313858
1.413986529
1.61082023
1.791655183
1.954691017
2.098291032
2.221125409
2.321843869
2.399546228
2.453414136
2.482895204
2.487764388
2.467919394
2.42354435
2.355109808
2.263352283
2.148987832
2.013387191
1.857798344
1.683714781
1.49297779
1.287377512
1.068980281
0.839964955
0.602648489
0.359306919
0.112461787
-0.135489397
-0.382149121
-0.625025255
-0.861692155
-1.089776607
-1.307069065
-1.511390671
-1.700654632
-1.873040118
-2.026910429
-2.160587947
-2.272763312
-2.362413585
-2.42865904
-2.470742703
-2.488255399
-2.481135751
-2.449322384
-2.393183555
-2.313312568
-2.210445938
-2.085627062
-1.940124382
-1.775370012
-1.592939276
-1.394693921
-1.182618446
-0.958809875
-0.725477751
-0.484923687
-0.239569487
0.00809919
0.255739577
0.5008406
0.740995719
0.973806144
1.196929347
1.408135325
1.605419118
1.786704163
1.950271925
2.094485703
2.217913384
2.319286525
2.397664023
2.452207069
2.482424653
2.487948517
2.468778662
2.425160592
2.357421648
2.266277886
2.152629491
2.017601695
1.862524317
1.68899314
1.498644865
1.293433304
1.075394101
0.846654969
0.609532861
0.366370305
0.119590385
-0.128383815
-0.375131768
-0.618135768
-0.855002142
-1.083403705
-1.301023502
-1.505723595
-1.695458107
-1.868375521
-2.022716384
-2.157028123
-2.269858168
-2.36018358
-2.427083715
-2.469842517
-2.488132646
-2.481688138
-2.450570368
-2.395147596
-2.315931289
-2.213719339
-2.089555143
-1.94460485
-1.780361949
-1.598422223
-1.400606502
-1.188899285
-0.965407824
-0.732321206
-0.491910353
-0.246668675
0.000964998
0.248640388
0.493889737
0.734193182
0.967228653
1.190668967
1.402243203
1.599936171
1.781732686
1.945852834
2.090659916
2.214660442
2.316708721
2.3957409
2.451000002
2.481892725
2.488173564
2.469719765
2.426756375
2.359651652
2.269183029
2.156189314
2.021754822
1.867229831
1.694148747
1.504311941
1.299530013
1.081807922
0.853344982
0.616453036
0.373387659
0.126661443
-0.121279511
-0.368083726
-0.611256511
-0.848301899
-1.076959196
-1.29496771
-1.500036061
-1.690220666
-1.863649548
-2.018583715
-2.1534683
-2.266932566
-2.357933117
-2.425508391
-2.46898325
-2.4879076
-2.482220065
-2.451818352
-2.397070719
-2.318529551
-2.216972281
-2.093401389
-1.949003482
-1.785312968
-1.603864252
-1.406478165
-1.195139206
-0.971934167
-0.739082825
-0.498922591
-0.253762749
-0.006130035
0.241574445
0.486872384
0.727390645
0.96070231
1.184398358
1.396371539
1.594473683
1.776761208
1.941413284
2.086752293
2.211427958
2.314090001
2.393797318
2.449711101
2.481340339
2.488316775
2.470579033
2.428331699
2.361943033
2.27212909
2.159708221
2.025887491
1.871914886
1.699406647
1.509979017
1.305565346
1.088221742
0.860034996
0.62329649
0.380440815
0.133779812
-0.114186716
-0.361045914
-0.604351681
-0.841622115
-1.070545376
-1.288840313
-1.494368985
-1.685003683
-1.858964493
-2.014410129
-2.149867558
-2.264027422
-2.355641736
-2.423892149
-2.468103523
-2.48774393
-2.482711076
-2.45300496
-2.398973383
-2.321107354
-2.220184306
-2.097247635
-1.953463492
-1.790284446
-1.609306282
-1.412349828
-1.201399585
-0.978501428
-0.745895591
-0.505868339
-0.260851709
-0.013291159
0.234467584
0.479901062
0.720577879
0.954124819
1.17811752
1.390458959
1.588990736
1.771769271
1.936932816
2.082885588
2.208154557
2.311430362
2.391833277
2.448463116
2.480787952
2.488459986
2.471417842
2.429866106
2.364173038
2.275013775
2.163247585
2.030040619
1.876599942
1.704582713
1.515666551
1.311651827
1.094604874
0.86671478
0.63021155
0.387442825
0.140886673
-0.107053003
-0.354008101
-0.59744685
-0.834921872
-1.064141785
-1.282764062
-1.488660992
-1.679766241
-1.854218061
-2.010257001
-2.146287276
-2.261040444
-2.353329896
-2.422255449
-2.46716242
-2.487518883
-2.483222544
-2.454212027
-2.400855589
-2.323664699
-2.223396331
-2.101032506
-1.957841666
-1.795215006
-1.614727852
-1.418221492
-1.207598589
-0.985027772
-0.752667439
-0.512808973
-0.267912537
-0.020382516
0.227386297
0.472929741
0.713754884
0.947506411
1.171877599
1.384587295
1.583507789
1.766756875
1.932452348
2.078957507
2.20481978
2.3088321
2.389869236
2.447194673
2.480215107
2.488582739
2.472277109
2.431420972
2.366382583
2.277878001
2.166746033
2.034091453
1.881284997
1.709758779
1.521272251
1.317666701
1.100988006
0.873394564
0.637121495
0.394480637
0.147990976
-0.099955093
-0.346954945
-0.590516446
-0.828221629
-1.057676818
-1.276636664
-1.482952999
-1.67450834
-1.849410254
-2.006022038
-2.142666076
-2.258053465
-2.350997598
-2.420618748
-2.4661804
-2.487293837
-2.48363172
-2.455378176
-2.402737795
-2.326201585
-2.22654698
-2.104837834
-1.962219839
-1.800104649
-1.620108505
-1.424031779
-1.21383851
-0.991564345
-0.759459747
-0.519785409
-0.275001496
-0.027503922
0.22034337
0.465937961
0.706952347
0.94094938
1.165586531
1.378654256
1.578004384
1.76174448
1.92797188
2.075049884
2.20152592
2.306111085
2.387843819
2.445844395
2.479601344
2.488685033
2.47309546
2.43293492
2.36857167
2.280742227
2.17024448
2.03824458
1.885929135
1.714914385
1.526918868
1.323732723
1.107412056
0.880064119
0.643995637
0.401497991
0.155090165
-0.092830331
-0.339886444
-0.583580928
-0.821490698
-1.05122208
-1.270529725
-1.477245006
-1.66925044
-1.844684281
-2.001787075
-2.139044876
-2.255046028
-2.3486653
-2.41894113
-2.465218838
-2.487007414
-2.48412273
-2.456523867
-2.404579083
-2.328718012
-2.229779463
-2.108643163
-1.966577555
-1.80503521
-1.625509617
-1.429882983
-1.220037513
-0.99806
-0.766211137
-0.526736272
-0.282052096
-0.034613659
0.213221165
0.458961524
0.700129352
0.934341201
1.159275005
1.372721216
1.572521437
1.756732085
1.923450495
2.071080885
2.198191142
2.303471906
2.385838861
2.444555494
2.478967123
2.488746409
2.473872892
2.43440795
2.370740299
2.283565535
2.173722469
2.042315873
1.890573273
1.720069992
1.532504108
1.329747597
1.113744041
0.886702986
0.650844206
0.408535803
0.162200861
-0.085751601
-0.332848632
-0.576691441
-0.814780226
-1.044767342
-1.264412557
-1.471496095
-1.663951622
-1.839896932
-1.99759303
-2.135403217
-2.252018132
-2.346292084
-2.417304429
-2.464236818
-2.486700533
-2.484511446
-2.457669557
-2.406420371
-2.331234439
-2.232930112
-2.112428033
-1.970955729
-1.809924853
-1.630910729
-1.435713729
-1.226236516
-1.004606802
-0.772982985
-0.533692249
-0.289105252
-0.041716684
0.206106632
0.45196463
0.693296127
0.927743252
1.152983937
1.366767718
1.567018031
1.751658313
1.91892911
2.067152804
2.194856365
2.300750891
2.383772527
2.443184757
2.478312443
2.488828244
2.474609408
2.435880981
2.372908927
2.286368385
2.177200458
2.046346248
1.895176493
1.72520514
1.538109808
1.335731784
1.120116944
0.893321394
0.657723463
0.415558272
0.16927064
-0.078622364
-0.325813377
-0.569771267
-0.808069753
-1.038333063
-1.258305618
-1.465747184
-1.658652804
-1.835068665
-1.993296691
-2.131720641
-2.248969777
-2.343898409
-2.415565435
-2.463234339
-2.486434569
-2.484961539
-2.45877433
-2.408200283
-2.333709949
-2.236039843
-2.116192444
-1.975292985
-1.814794037
-1.636250465
-1.441503557
-1.23242529
-1.011102457
-0.779754834
-0.540643112
-0.296173753
-0.048816512
0.199043247
0.444957505
0.686442443
0.921145303
1.146692869
1.360834678
1.561473708
1.746605
1.914407724
2.063183805
2.19148067
2.298029876
2.381767569
2.44181402
2.477616845
2.488848703
2.475407299
2.437333553
2.375057096
2.289212152
2.180596611
2.050397082
1.899779713
1.730340288
1.543715507
1.341746658
1.1264387
0.899980719
0.664597605
0.42257051
0.176362157
-0.071503995
-0.318744876
-0.562835748
-0.801308134
-1.031837408
-1.252116844
-1.459998273
-1.653313068
-1.830260857
-1.989061729
-2.128078982
-2.245941881
-2.341525194
-2.4138469
-2.462190942
-2.48608677
-2.485329796
-2.459879103
-2.410000653
-2.336144541
-2.239170033
-2.119895479
-1.979609783
-1.819642762
-1.641631118
-1.447313844
-1.238603835
-1.017618572
-0.786516453
-0.547583745
-0.303285728
-0.05596429
0.191954287
0.437940152
0.679609218
0.914537125
1.140371113
1.354860721
1.555908926
1.741510769
1.909845422
2.059214806
2.188084516
2.295267944
2.379701234
2.440443284
2.476962165
2.48888962
2.476123356
2.438765666
2.377184807
2.292015002
2.184054141
2.05438654
1.904403392
1.735454977
1.549280289
1.347761533
1.132780915
0.906599127
0.671425716
0.42957252
0.183509935
-0.064402249
-0.31165336
-0.555884886
-0.794556744
-1.025351982
-1.246009905
-1.454208445
-1.64801425
-1.825453049
-1.98476539
-2.124375947
-2.242852609
-2.33911106
-2.412087446
-2.461168004
-2.485779889
-2.485677595
-2.460963417
-2.411780565
-2.33862005
-2.242279764
-2.123639432
-1.983947039
-1.824511946
-1.646970853
-1.453103672
-1.24478238
-1.024124456
-0.793257613
-0.554555066
-0.310318426
-0.063061561
0.18482441
0.430943257
0.672775993
0.907908487
1.134018669
1.348886764
1.550364603
1.736416539
1.905242201
2.055163972
2.184708822
2.292506012
2.377553065
2.439011171
2.476287026
2.488869161
2.476818953
2.44017732
2.3792716
2.294776934
2.187470754
2.058416915
1.908965695
1.740528749
1.55486553
1.353715031
1.139123129
0.913237994
0.678299858
0.436615447
0.190596337
-0.057292192
-0.304623219
-0.548954482
-0.787846272
-1.018856326
-1.239810902
-1.448418617
-1.642654056
-1.820624783
-1.980448592
-2.120652453
-2.239763337
-2.336676468
-2.410327993
-2.46008369
-2.485411631
-2.486025394
-2.462006813
-2.413499101
-2.341054642
-2.245328118
-2.127322008
-1.988202461
-1.829340213
-1.652310589
-1.458873042
-1.250899548
-1.030579194
-0.800009003
-0.561470126
-0.317371582
-0.070165864
0.177745681
0.423946362
0.665927425
0.901300309
1.127686684
1.342892349
1.544758904
1.731322308
1.900679899
2.051154056
2.18127175
2.289723621
2.375466271
2.437619975
2.475530052
2.48888962
2.477514551
2.441568515
2.381358393
2.297497949
2.19082599
2.062406372
1.913507539
1.745622979
1.560389394
1.359668529
1.145475573
0.919835943
0.685133083
0.443607227
0.197682739
-0.050178937
-0.297570063
-0.541998504
-0.781064194
-1.012391359
-1.233642586
-1.442649248
-1.637334779
-1.815755598
-1.976131794
-2.11692896
-2.236674064
-2.334200959
-2.408548081
-2.458978917
-2.485022915
-2.486373193
-2.463029751
-2.415238095
-2.343468776
-2.248417391
-2.131025043
-1.9924988
-1.83416848
-1.657629866
-1.464642411
-1.257078092
-1.03706462
-0.806729705
-0.568390301
-0.324437525
-0.077279118
0.170641377
0.416918779
0.659032824
0.894630754
1.121344469
1.336897933
1.539173663
1.726207619
1.896076678
2.047123681
2.177855138
2.286961689
2.373338561
2.436126486
2.474773078
2.488848703
2.47818969
2.442918793
2.383404269
2.300218963
2.194201685
2.06639583
1.918069842
1.750696751
1.565933717
1.365622028
1.15177687
0.92646458
0.691966308
0.450604122
0.204781928
-0.043036274
-0.290501562
-0.535052756
-0.774302575
-1.005875245
-1.227443583
-1.436838961
-1.631954126
-1.810845497
-1.971774079
-2.113164548
-2.233523416
-2.33170499
-2.40676817
-2.457874145
-2.48461374
-2.486680074
-2.46403223
-2.416915713
-2.345841991
-2.251424828
-2.134687161
-1.996754221
-1.838976288
-1.662928684
-1.470391322
-1.263225949
-1.043519358
-0.813470865
-0.575336049
-0.331493239
-0.084412831
0.163552418
0.409886081
0.65217914
0.887991887
1.114971567
1.330903517
1.533588422
1.721052012
1.891452999
2.043072847
2.174377149
2.284117922
2.371169933
2.434694373
2.473995645
2.488787326
2.47884437
2.444269071
2.385450145
2.302939978
2.197536462
2.070364829
1.922611686
1.755770523
1.571457581
1.371555067
1.158088397
0.933082988
0.698819991
0.457590788
0.211837642
-0.03592302
-0.283402374
-0.52808655
-0.767530726
-0.999328443
-1.22124458
-1.431028674
-1.626553014
-1.805976313
-1.967457281
-2.109379678
-2.230372767
-2.329209022
-2.404926882
-2.456769372
-2.484184106
-2.486966497
-2.465034709
-2.41861379
-2.348194748
-2.254473183
-2.138328819
-2.000968725
-1.843722719
-1.668207043
-1.476099315
-1.269343117
-1.049974096
-0.820191567
-0.582271567
-0.338531052
-0.091526085
0.156426377
0.402884072
0.645310112
0.881332562
1.108608893
1.324878413
1.527982723
1.715916864
1.886849779
2.038981096
2.170919619
2.281274154
2.368980846
2.433180425
2.473218212
2.488705491
2.479478592
2.445619349
2.387496021
2.305620075
2.200891698
2.07429291
1.927112613
1.760782918
1.576960987
1.377488107
1.164348777
0.939670708
0.705622528
0.464562109
0.218949617
-0.028818077
-0.276341545
-0.521130572
-0.760769107
-0.992832787
-1.215055806
-1.425177469
-1.621151902
-1.801066211
-1.963079107
-2.105594808
-2.227181201
-2.326692595
-2.403085593
-2.455603223
-2.483754472
-2.487232461
-2.465996271
-2.420311867
-2.350527047
-2.257460161
-2.141970478
-2.005203688
-1.848530527
-1.673485402
-1.481827767
-1.275470515
-1.056408375
-0.826912268
-0.589166168
-0.345584208
-0.09862911
0.149350205
0.39583603
0.638430855
0.874673237
1.10223599
1.318822621
1.522377023
1.710781716
1.882164723
2.034889344
2.167400713
2.278409928
2.366791759
2.431686936
2.47244078
2.488582739
2.480051437
2.44692871
2.38948052
2.308279714
2.204206017
2.078220992
1.93159308
1.765795314
1.582464393
1.383421146
1.170660303
0.946258427
0.712455753
0.471559004
0.226013003
-0.021721126
-0.269265372
-0.51416948
-0.7539768
-0.986285985
-1.208826114
-1.419346723
-1.615771249
-1.796156109
-1.958680475
-2.101769021
-2.224010094
-2.324155709
-2.401203388
-2.454437073
-2.483283921
-2.487457507
-2.466957833
-2.421928109
-2.352879804
-2.26044714
-2.145591678
-2.009377274
-1.8532565
-1.678743303
-1.48753576
-1.281546766
-1.062852883
-0.833622741
-0.596081228
-0.352647594
-0.1057462
0.142222885
0.388803332
0.631546484
0.868003682
1.095842629
1.312807746
1.516750865
1.705585192
1.877500127
2.030797593
2.163881807
2.275545702
2.364602672
2.430152529
2.471581512
2.488480445
2.4806652
2.448258529
2.391444561
2.310959811
2.207479418
2.082128614
1.936053089
1.770828168
1.58794734
1.389354186
1.1769616
0.952805229
0.719278748
0.478540555
0.233119864
-0.014592528
-0.262186643
-0.507223732
-0.747194722
-0.979759642
-1.202616881
-1.413515978
-1.610349678
-1.791225549
-1.954302301
-2.097963692
-2.220798069
-2.321577906
-2.399341641
-2.453230007
-2.482792911
-2.487703012
-2.467898935
-2.42354435
-2.355191643
-2.26341366
-2.149192419
-2.013591778
-1.858002932
-1.683980745
-1.493243754
-1.287633246
-1.069287162
-0.840302525
-0.6029656
-0.359680292
-0.112830045
0.13511986
0.381811552
0.624677456
0.861323898
1.089459497
1.306751954
1.511063331
1.700368209
1.872794613
2.026685383
2.160383359
2.272661018
2.362352208
2.428618122
2.470742703
2.488337234
2.481238045
2.449486054
2.393408601
2.31359899
2.210793737
2.086015778
1.940533557
1.775799646
1.593450745
1.395246308
1.183191292
0.959403179
0.726081285
0.485557908
0.240219052
-0.007477676
-0.255102798
-0.500231952
-0.740422873
-0.973233298
-1.196336043
-1.407644314
-1.604928108
-1.786294988
-1.94986275
-2.094117446
-2.217586044
-2.319020561
-2.397418518
-2.452063858
-2.4823019
-2.487887141
-2.46881958
-2.425160592
-2.357503483
-2.266380179
-2.152752243
-2.017765365
-1.862728904
-1.689218187
-1.498910829
-1.293740185
-1.075721441
-0.847002768
-0.609896004
-0.366728333
-0.119952249
0.128024508
0.374753281
0.617767511
0.854644114
1.083025218
1.300665474
1.505396255
1.695192144
1.868150475
2.022511796
2.156864453
2.269755874
2.360101745
2.427022339
2.469862976
2.488173564
2.481790431
2.450754497
2.395352183
2.316197253
2.21402622
2.089882483
1.944993566
1.780791583
1.598872316
1.40113843
1.189441442
0.96597044
0.732894051
0.492524115
0.247292667
-0.000371354
-0.248034297
-0.493265745
-0.733620337
-0.966666037
-1.190106352
-1.401731734
-1.599486078
-1.781303052
-1.945464118
-2.090271199
-2.214333102
-2.316442758
-2.395515853
-2.450815873
-2.481790431
-2.48807127
-2.469719765
-2.426797293
-2.359753946
-2.269305782
-2.156312067
-2.021938951
-1.867454877
-1.694414711
-1.504618822
-1.299816436
-1.082125032
-0.853692781
-0.616790605
-0.373735458
-0.127027143
0.12090486
0.367730812
0.610888254
0.847964329
1.076631856
1.294609682
1.499729179
1.689975161
1.863424502
2.018379127
2.15330463
2.266809813
2.357830823
2.425447015
2.46898325
2.487989435
2.4823019
2.451982023
2.397275306
2.318795515
2.217279163
2.093728729
1.949412658
1.785742602
1.604355263
1.407010093
1.195712051
0.97254793
0.739696588
0.499495437
0.254379069
0.006759222
-0.240929994
-0.486258621
-0.726828029
-0.960088547
-1.183845972
-1.395880529
-1.59402359
-1.776331574
-1.94098365
-2.086424953
-2.211100618
-2.313803578
-2.39359273
-2.449567889
-2.481217586
-2.488255399
-2.470579033
-2.428372617
-2.362004409
-2.272210925
-2.159892349
-2.02607162
-1.872160391
-1.699652153
-1.510265439
-1.305861998
-1.088538853
-0.860362336
-0.623685206
-0.380783499
-0.134142955
0.113774984
0.360672541
0.603973194
0.841284545
1.070207806
1.288533431
1.494041645
1.68471726
1.858718988
2.014205541
2.149703888
2.263884211
2.355559901
2.423851232
2.468083064
2.487825765
2.482833828
2.453230007
2.399218888
2.321373318
2.220532105
2.097554517
1.95381129
1.79071408
1.609797292
1.412881756
1.201941742
0.979053815
0.746478665
0.506476987
0.261442455
0.013881426
-0.233864051
-0.479312873
-0.719984575
-0.953511057
-1.177606051
-1.389967948
-1.588561102
-1.771319178
-1.9365441
-2.082537789
-2.207806758
-2.311184857
-2.391608231
-2.448299446
-2.4806652
-2.48839861
-2.471417842
-2.429866106
-2.364254873
-2.275136527
-2.163390797
-2.030224748
-1.876865905
-1.704848677
-1.515932515
-1.311938249
-1.094942444
-0.86704212
-0.630574693
-0.387836656
-0.141272832
0.106664287
0.353624499
0.597058134
0.834563844
1.063793986
1.282446951
1.488354111
1.679479818
1.853952098
2.010031955
2.146103147
2.260897232
2.35326852
2.42223499
2.46716242
2.487600718
2.483324838
2.454355238
2.401080635
2.323930663
2.223723671
2.101380304
1.958250841
1.795665099
1.615198404
1.418712502
1.208161205
0.985621076
0.753240285
0.51342785
0.268523743
0.020984291
-0.226739289
-0.472326207
-0.713182039
-0.946943796
-1.171314983
-1.384055368
-1.583078155
-1.766327242
-1.932043173
-2.078630167
-2.204533357
-2.308545677
-2.389623731
-2.447010545
-2.480071896
-2.488521362
-2.472277109
-2.431441431
-2.366464418
-2.278000753
-2.166930162
-2.034336958
-1.881489585
-1.710024742
-1.521579132
-1.317994041
-1.101305117
-0.873732134
-0.63745395
-0.394869354
-0.148338775
0.099575328
0.346581572
0.590173762
0.827832913
1.057390395
1.276360471
1.482666576
1.674221918
1.849164748
2.005817451
2.142502406
2.257910254
2.350956681
2.420577831
2.4661804
2.487334755
2.483754472
2.455541846
2.402921923
2.326467549
2.226894778
2.105206092
1.962608556
1.800575201
1.620619974
1.424563706
1.214411355
0.992116731
0.760053051
0.520394057
0.2755948
0.028096267
-0.21968869
-0.465334427
-0.706369272
-0.940366305
-1.165044374
-1.378122328
-1.577554291
-1.761314846
-1.927562705
-2.074681627
-2.201219038
-2.305886039
-2.387639232
-2.445701184
-2.479499051
-2.488623656
-2.473075001
-2.432955379
-2.368673964
-2.280844521
-2.170387692
-2.038428709
-1.886154181
-1.715200808
-1.52720529
-1.324008916
-1.107708708
-0.88038123
-0.644333207
-0.401876478
-0.155464816
0.092473581
0.339538645
0.583238244
0.821142899
1.050874281
1.270202385
1.476917665
1.668984476
1.844438776
2.001582488
2.138881206
2.254923275
2.348563006
2.418900213
2.465239297
2.487048332
2.484204565
2.456687537
2.404763211
2.329004434
2.230065886
2.109011421
1.967007189
1.805464844
1.626000627
1.430394452
1.220589899
0.998694221
0.766835129
0.527375608
0.282668416
0.035222947
-0.212594616
-0.458357991
-0.699505359
-0.933768356
-1.158732848
-1.372189289
-1.572050885
-1.756281992
-1.923061779
-2.070753545
-2.19790472
-2.303185483
-2.385613815
-2.444391824
-2.47884437
-2.488705491
-2.473852434
-2.434428409
-2.370842592
-2.283688288
-2.173906598
-2.042479543
-1.890818778
-1.720335956
-1.53281099
-1.330013561
-1.114061152
-0.887061014
-0.651212464
-0.408904061
-0.162546103
0.085356491
0.332482932
0.576312954
0.814401739
1.044440002
1.264105675
1.471168755
1.663665199
1.839651427
1.997347525
2.135219088
2.251895379
2.34618979
2.417222594
2.464257277
2.486782368
2.484654657
2.457812768
2.4066045
2.331500403
2.233236993
2.112775832
1.971344445
1.810354487
1.631401739
1.436204739
1.226788903
1.005200106
0.773586518
0.534306012
0.289744588
0.042319578
-0.205515886
-0.451350867
-0.692702823
-0.927160178
-1.152452009
-1.366276708
-1.566527021
-1.751228679
-1.918519935
-2.066784546
-2.194508566
-2.300484927
-2.383567939
-2.443021087
-2.47818969
-2.488787326
-2.474609408
-2.435921898
-2.373011221
-2.286532055
-2.177343669
-2.046530377
-1.895442457
-1.725450645
-1.538416689
-1.336059124
-1.120423825
-0.893689651
-0.658081491
-0.415926529
-0.169682373
0.078225975
0.325432332
0.569377436
0.807660578
1.037975035
1.25793736
1.465419844
1.658345922
1.834802701
1.993092104
2.131556971
2.248867483
2.343816574
2.415504059
2.46321388
2.486475487
2.485043374
2.458917541
2.40840487
2.333996371
2.236346724
2.116499326
1.975681702
1.815223671
1.636761934
1.442015026
1.232967447
1.011685532
0.780337908
0.541256874
0.296782401
0.049427078
-0.198396238
-0.444338628
-0.685869598
-0.92054177
-1.146130253
-1.36032321
-1.560982698
-1.746154907
-1.913998549
-2.062795089
-2.191194247
-2.297763913
-2.381542522
-2.441670809
-2.477514551
-2.488807785
-2.475366382
-2.437333553
-2.375118473
-2.289334905
-2.18078074
-2.050581211
-1.900045677
-1.730606252
-1.54400193
-1.342073998
-1.126796728
-0.900328518
-0.664945404
-0.422943883
-0.176804578
0.071108246
0.318361275
0.562452147
0.800909188
1.03146915
1.251809963
1.459650475
1.653047104
1.830015352
1.988795765
2.127853936
2.245778211
2.3414229
2.413785523
2.462170484
2.486168605
2.485411631
2.460022314
2.410184782
2.336430963
2.239456455
2.120263737
1.979998499
1.820072396
1.642101669
1.447804854
1.239156221
1.018211876
0.787079069
0.548192393
0.303845786
0.056539054
-0.19129705
-0.437321274
-0.679005685
-0.913933591
-1.139788039
-1.354328794
-1.555417916
-1.741081135
-1.909436247
-2.058867007
-2.187777635
-2.29500198
-2.379455729
-2.440218237
-2.476818953
-2.488828244
-2.476102897
-2.438786124
-2.377246183
-2.292117296
-2.184217811
-2.054611586
-1.904648897
-1.735720941
-1.54958717
-1.348047955
-1.133128713
-0.906967384
-0.671793973
-0.429966351
-0.183878193
0.063998828
0.311290217
0.555501284
0.794198716
1.025014412
1.245641647
1.453881105
1.647707369
1.825187085
1.984540343
2.12417136
2.242709398
2.338967849
2.412066988
2.461147546
2.485841265
2.485800348
2.461106628
2.411964694
2.338865555
2.242545727
2.123966772
1.984315297
1.824962039
1.647461864
1.453615141
1.245334766
1.024687072
0.793871376
0.555163714
0.31093986
0.06368811
-0.184190189
-0.430329494
-0.672162231
-0.907325413
-1.133456054
-1.348375295
-1.549853134
-1.735966446
-1.904873944
-2.054816174
-2.184361023
-2.292280966
-2.377348477
-2.438847501
-2.476143815
-2.488807785
-2.476798495
-2.44017732
-2.379332977
-2.294879228
-2.187593506
-2.058601044
-1.909190741
-1.740774254
-1.555131493
-1.354001454
-1.139450469
-0.913585792
-0.678637427
-0.436953017
-0.190995283
0.056893885
0.304239618
0.548591339
0.787467785
1.018518757
1.239483561
1.448152653
1.642388092
1.82033836
1.980223546
2.120447866
2.239661043
2.336553716
2.410287076
2.460063232
2.485473008
2.486148147
2.462150025
2.413703688
2.341300147
2.245635
2.127669807
1.988611636
1.829769847
1.652760682
1.459384511
1.251503081
1.031162269
0.800602307
0.562068545
0.318005804
0.07078602
-0.177106344
-0.423307026
-0.665298318
-0.900686546
-1.127124068
-1.342360421
-1.544288352
-1.730872216
-1.900270723
-2.05076534
-2.18094441
-2.289457657
-2.375241225
-2.437415388
-2.475386841
-2.488828244
-2.477494092
-2.441588974
-2.381440229
-2.297600242
-2.191010119
-2.06261096
-1.913753044
-1.745868485
-1.560696275
-1.360016328
-1.145751766
-0.92021443
-0.685491111
-0.443944797
-0.198074013
0.049782549
0.297178789
0.541630247
0.780695936
1.012012872
1.233305017
1.442321907
1.637048356
1.815469176
1.975906748
2.116703913
2.236530853
2.334098665
2.408507164
2.458999376
2.485084291
2.486495946
2.463193421
2.415442683
2.343714281
2.248683355
2.131393301
1.992867057
1.834598114
1.658100417
1.465133421
1.257650938
1.037627236
0.807333238
0.569029637
0.325033387
0.077899274
-0.170042959
-0.416310131
-0.658454864
-0.894057909
-1.120761395
-1.336355776
-1.538703112
-1.725757526
-1.895687962
-2.046755423
-2.17748688
-2.286675266
-2.373113514
-2.435962816
-2.474650325
-2.488766868
-2.478148773
-2.442918793
-2.383486104
-2.300341716
-2.194365355
-2.066579959
-1.918294888
-1.750942256
-1.56622014
-1.365928909
-1.152073522
-0.926822608
-0.692314106
-0.450987724
-0.205168087
0.042658426
0.290102616
0.534669155
0.773934317
1.005537676
1.227106014
1.43651162
1.631647244
1.810599992
1.971549033
2.112959961
2.233359746
2.331582238
2.406665876
2.457874145
2.484654657
2.486741451
2.4641959
2.417140759
2.346107955
2.251711251
2.13503496
1.997142938
1.839365004
1.663399235
1.470861873
1.263747647
1.044092203
0.81405394
0.575939582
0.332107002
0.085013807
-0.162897738
-0.409272318
-0.651575607
-0.887398583
-1.114439639
-1.33036136
-1.533117871
-1.720622378
-1.891064283
-2.042704589
-2.174070268
-2.283851958
-2.370944886
-2.434510244
-2.473872892
-2.488705491
-2.478823912
-2.444269071
-2.38553198
-2.303042272
-2.197700132
-2.070528499
-1.922795815
-1.755995569
-1.571764463
-1.371882407
-1.158405508
-0.933420557
-0.69916779
-0.457959045
-0.212254489
0.035569787
0.283029001
0.527718292
0.767182928
0.999021561
1.220937698
1.430680875
1.626266591
1.805710349
1.967252694
2.109175091
2.230229556
2.329106728
2.404865505
2.456769372
2.484265941
2.487068791
2.465177921
2.418838836
2.348460712
2.254759605
2.138697077
2.0013779
1.844193271
1.668698053
1.476631243
1.269905733
1.050587858
0.8207951
0.582875101
0.339160158
0.092115553
-0.155775533
-0.402265194
-0.644691235
-0.880759717
-1.108046277
-1.324326027
-1.527491713
-1.715446313
-1.886399686
-2.038612838
-2.170592279
-2.281008191
-2.368776258
-2.432996296
-2.47309546
-2.488603198
-2.479417216
-2.445619349
-2.387516479
-2.30570191
-2.20103491
-2.074477039
-1.927337659
-1.761028423
-1.577267868
-1.377835905
-1.164696575
-0.939998048
-0.706001015
-0.464945711
-0.219330661
0.028453656
0.275983517
0.52074697
0.760380391
0.992474759
1.214697777
1.424850129
1.620885938
1.800800247
1.96287452
2.105390221
2.227058448
2.32661076
2.403003758
2.455582764
2.483815848
2.487334755
2.466159941
2.420495996
2.350793011
2.257767043
2.142318277
2.005592404
1.848919243
1.673976413
1.482339236
1.276012672
1.057011908
0.827515802
0.589779931
0.346213315
0.099223693
-0.14869936
-0.395242726
-0.637806863
-0.874100391
-1.101673375
-1.318321381
-1.521845096
-1.710290706
-1.881755548
-2.034500628
-2.167093832
-2.278143965
-2.366566712
-2.431502807
-2.472277109
-2.488500904
-2.480071896
-2.44692871
-2.389521438
-2.308402466
-2.204349228
-2.07840512
-1.931838585
-1.766061278
-1.582771274
-1.383748486
-1.170977414
-0.946606226
-0.712813781
-0.471942606
-0.226442637
0.021314828
0.268884328
0.513811452
0.753618772
0.985938186
1.208488545
1.419019383
1.615484826
1.795869687
1.958434969
2.101625809
2.223866882
2.324053415
2.40116247
2.454416615
2.483324838
2.487559801
2.467101044
2.422132696
2.353145768
2.260733562
2.145919018
2.009806908
1.853706593
1.679213854
1.488067688
1.282109382
1.063435958
0.834205815
0.596710335
0.353276701
0.10632416
-0.141591221
-0.388215143
-0.630948065
-0.867410378
-1.095280013
-1.312265589
-1.516198479
-1.705135099
-1.877090952
-2.030408876
-2.163595384
-2.27525928
-2.364377625
-2.4299684
-2.471479218
-2.488419069
-2.480624282
-2.448217611
-2.391505937
-2.311041646
-2.207663547
-2.082333202
-1.936298594
-1.771073673
-1.588233762
-1.389640608
-1.177237793
-0.953173487
-0.719616318
-0.478924157
-0.233498351
0.014208447
0.261818385
0.506835016
0.746846923
0.979401614
1.202269083
1.413188638
1.610063256
1.790939126
1.954077254
2.097759104
2.220654858
2.321496071
2.399280265
2.453230007
2.482833828
2.487805306
2.468021688
2.423748938
2.35541669
2.263720541
2.14951976
2.014000953
1.858453024
1.684451296
1.493755222
1.288195862
1.069870237
0.840916288
0.603615166
0.360299169
0.113459151
-0.134486918
-0.381156872
-0.624073923
-0.860751053
-1.088896881
-1.306209797
-1.510572321
-1.699938575
-1.872385438
-2.026276208
-2.160056019
-2.272374595
-2.362106703
-2.428413535
-2.470599491
-2.488275857
-2.481217586
-2.449486054
-2.393469978
-2.313701284
-2.210916489
-2.086199907
-1.940779062
-1.776045151
-1.593716709
-1.395553189
-1.183528861
-0.959740748
-0.726449542
-0.48594151
-0.24062567
0.007079769
0.254731983
0.49984835
0.740034157
0.972854811
1.196039391
1.407316974
1.604621226
1.785988107
1.949637704
2.093912858
2.217422374
2.318938726
2.397398059
2.45202294
2.482322359
2.488009894
2.468942332
2.425385638
2.357728529
2.266687061
2.153120501
2.018133622
1.863158538
1.689709197
1.499422298
1.294282342
1.076304516
0.847585842
0.610514881
0.367331867
0.120578799
-0.127360877
-0.374144633
-0.617174207
-0.85405081
-1.082472831
-1.300154005
-1.504925704
-1.694742051
-1.867700382
-2.022184456
-2.156537113
-2.269469452
-2.359897157
-2.426858669
-2.469760682
-2.488091729
-2.481749514
-2.450754497
-2.39541356
-2.316279088
-2.21418989
-2.090087071
-1.945218612
-1.781037088
-1.599179197
-1.40146577
-1.189789241
-0.966318238
-0.73324185
-0.492907717
-0.247691613
-3.39295E-05
0.24765581
0.492892373
0.73324185
0.96628755
1.189758553
1.401424852
1.599158738
1.781037088
1.945198154
2.090087071
2.21418989
2.316299546
2.395454477
2.450795415
2.48181089
2.488194022
2.469822059
2.426960963
2.36001991
2.269592204
2.156659866
2.022327667
1.867884511
1.69492618
1.505089374
1.300379052
1.082708107
0.854306544
0.617409482
0.374369679
0.12770484
-0.12026936
-0.367096591
-0.61028472
-0.847360796
-1.076059011
-1.294087984
-1.499217711
-1.689504609
-1.862994868
-2.017990411
-2.152956831
-2.266543849
-2.357605777
-2.425262886
-2.468860497
-2.4879076
-2.482260983
-2.451961564
-2.397357141
-2.318897808
-2.217422374
-2.093953776
-1.949658163
-1.785988107
-1.604641685
-1.407316974
-1.196018932
-0.972854811
-0.740034157
-0.499889268
-0.254754999
-0.00716536
0.240561736
0.485905707
0.726418854
0.959761207
1.183528861
1.395512272
1.593716709
1.77606561
1.940758603
2.086220365
2.210916489
2.313680825
2.393510895
2.449526972
2.481258504
2.488337234
2.470722244
2.428556746
2.362249914
2.272517806
2.160240148
2.026460336
1.872569566
1.700122704
1.510797367
1.306445073
1.089101468
0.861006787
0.624298969
0.381422836
0.134798914
-0.113163778
-0.360033205
-0.603364546
-0.840681012
-1.069634961
-1.287991274
-1.493550635
-1.684267167
-1.858289354
-2.013816825
-2.149376548
-2.263597788
-2.355334855
-2.423667103
-2.467919394
-2.487723471
-2.482772452
-2.45316863
-2.399218888
-2.321455153
-2.220654858
-2.097779563
-1.954056795
-1.790959585
-1.610063256
-1.413188638
-1.202248624
-0.979422072
-0.746836694
-0.506819672
-0.261797926
-0.014264389
0.233475335
0.478944615
0.719595859
0.953173487
1.177258252
1.389661067
1.588233762
1.771053214
1.936319053
2.082333202
2.207663547
2.311062105
2.391546854
2.448258529
2.480685659
2.488480445
2.471520135
2.430091153
2.364479919
2.275402491
2.163718137
2.030552088
1.877254622
1.705319228
1.516423525
1.312500865
1.095515289
0.867655883
0.631178226
0.388455533
0.141895545
-0.106037737
-0.352969819
-0.596423912
-0.83396031
-1.063210911
-1.281904794
-1.487822183
-1.679029726
-1.853502005
-2.009602321
-2.145796266
-2.26061081
-2.353002556
-2.422030402
-2.46699875
-2.487477966
-2.483243003
-2.454375697
-2.401121553
-2.324032956
-2.223866882
-2.101584892
-1.958434969
-1.795890145
-1.615484826
-1.419039842
-1.208488545
-0.985938186
-0.753618772
-0.513811452
-0.268912459
-0.021379401
0.226388933
0.47194772
0.712803551
0.946606226
1.170977414
1.383728027
1.582771274
1.766061278
1.931818127
2.07840512
2.204349228
2.308443384
2.389582814
2.446969627
2.480092355
2.488603198
2.472358944
2.431584642
2.366689465
2.278307635
2.167257502
2.034705215
1.881939677
1.710474835
1.522049683
1.318525969
1.10190865
0.874345897
0.638072827
0.39549846
0.148981947
-0.098948778
-0.345988268
-0.58954977
-0.827260067
-1.056756174
-1.275787626
-1.482134648
-1.673751366
-1.848796491
-2.005408275
-2.142175066
-2.257623831
-2.350649799
-2.420393702
-2.466057647
-2.487232461
-2.483734013
-2.455541846
-2.4029833
-2.326569842
-2.22703799
-2.10541068
-1.962833602
-1.800820706
-1.620906397
-1.424870588
-1.214708007
-0.992474759
-0.760411079
-0.520762315
-0.275991189
-0.028495852
0.219305088
0.464940596
0.705990785
0.939998048
1.164686346
1.377794988
1.577267868
1.761048882
1.927358118
2.074497498
2.201055368
2.305763286
2.387577856
2.445660267
2.479478592
2.488685033
2.473197754
2.433139507
2.36889901
2.281151402
2.170755949
2.038796967
1.886583815
1.715650901
1.5276963
1.324551073
1.108271324
0.880964304
0.644941855
0.40250047
0.156101594
-0.091834245
-0.338873736
-0.582604022
-0.820549595
-1.050311665
-1.269660228
-1.476406197
-1.668493466
-1.843968224
-2.001152854
-2.138512948
-2.254595935
-2.34833796
-2.418695625
-2.465075627
-2.486946038
-2.484163647
-2.456687537
-2.404824588
-2.329065811
-2.230209097
-2.109216008
-1.967191317
-1.805710349
-1.626327968
-1.430680875
-1.220896781
-0.999001103
-0.767182928
-0.527738751
-0.283034116
-0.035612303
0.212200785
0.457953931
0.699137102
0.933420557
1.158385049
1.371861948
1.571744004
1.755995569
1.922836732
2.070548958
2.197720591
2.303062731
2.385572897
2.444309989
2.478864829
2.488787326
2.473975186
2.434592079
2.371067639
2.283995169
2.174213479
2.042888718
1.891227953
1.72076559
1.533302
1.330586406
1.114644226
0.887644089
0.651846685
0.409543397
0.163190554
-0.084715877
-0.331835923
-0.575694077
-0.813808435
-1.043867157
-1.26354306
-1.470677745
-1.663194648
-1.839242251
-1.996958809
-2.13487129
-2.251608957
-2.345964744
-2.417038466
-2.464114065
-2.486680074
-2.48461374
-2.457833227
-2.406645417
-2.331561779
-2.233359746
-2.112939502
-1.971549033
-1.81062045
-1.631647244
-1.436532079
-1.227126472
-1.005496758
-0.773954776
-0.534684499
-0.290138419
-0.042742819
0.205114383
0.450941692
0.692303877
0.926771461
1.152083752
1.365949368
1.566199681
1.750921798
1.91827443
2.066600418
2.194365355
2.300341716
2.383506563
2.443000628
2.47818969
2.488807785
2.474752619
2.436044651
2.373236267
2.286798019
2.177671009
2.046898635
1.895831173
1.725941655
1.538907699
1.336570593
1.1210069
0.894313643
0.658674795
0.416545407
0.170303808
-0.077628835
-0.324792996
-0.568763673
-0.807057045
-1.03740219
-1.257405433
-1.464908375
-1.657875371
-1.834413985
-1.992703387
-2.131229631
-2.248540143
-2.343571069
-2.415340389
-2.46305021
-2.486393652
-2.484981998
-2.458938
-2.408445788
-2.334057747
-2.236469477
-2.116724372
-1.975886289
-1.815489635
-1.637027897
-1.442301449
-1.233294788
-1.012033331
-0.780716395
-0.541609788
-0.297178789
-0.049840729
0.198012637
0.443955026
0.685460423
0.920173512
1.145761996
1.359975411
1.560675816
1.745848026
1.913732585
2.06261096
2.191010119
2.297620701
2.381440229
2.441629892
2.477555469
2.488869161
2.475468676
2.437497223
2.375343519
2.289600868
2.181087622
2.05092901
1.900434393
1.731076803
1.54449294
1.342585467
1.127359344
0.900932051
0.665543823
0.423567875
0.177364636
-0.070509827
-0.31773984
-0.561833269
-0.800356802
-1.030937222
-1.251247347
-1.459159464
-1.652576553
-1.829626636
-1.988427507
-2.127526596
-2.245491788
-2.341156936
-2.413580936
-2.462027272
-2.486045853
-2.485391173
-2.460001855
-2.4102257
-2.336492339
-2.239558749
-2.120406948
-1.980203087
-1.82033836
-1.642388092
-1.448111736
-1.239483561
-1.018518757
-0.787467785
-0.548586224
-0.304249847
-0.056962294
0.190923677
0.436932558
0.678647657
0.913575563
1.139491387
1.354001454
1.555111035
1.740794713
1.909170283
2.058641961
2.187613965
2.294879228
2.379353435
2.440238696
2.476859871
2.488869161
2.47622565
2.438949794
2.37747123
2.292362801
2.184545151
2.055000302
1.905037614
1.736150575
1.550057722
1.348579883
1.133701559
0.907560688
0.672417965
0.430574999
0.184484284
-0.063386344
-0.310676454
-0.554877292
-0.793605412
-1.024451796
-1.245119949
-1.453410554
-1.647236817
-1.824757451
-1.984151627
-2.123803102
-2.242402516
-2.338742803
-2.4118624
-2.460983876
-2.485698054
-2.485738972
-2.461106628
-2.411985153
-2.338967849
-2.242709398
-2.12417136
-1.984478967
-1.825166627
-1.647727827
-1.453922023
-1.245651877
-1.025014412
-0.794198716
-0.555516628
-0.311292774
-0.064032713
0.183850062
0.429945892
0.671773514
0.906957155
1.133108255
1.348027497
1.549546253
1.735700482
1.90460798
2.054611586
2.184197353
2.292117296
2.377246183
2.438827042
2.476143815
2.48888962
2.476941706
2.440381907
2.379558023
2.295145192
2.187920846
2.058969301
1.909599917
1.741224347
1.555622504
1.354533381
1.140023314
0.914189326
0.67925119
0.437571894
0.191570686
-0.056290991
-0.303630969
-0.547967347
-0.786864252
-1.017956141
-1.238920946
-1.447600267
-1.64191754
-1.819908726
-1.979855288
-2.120120526
-2.239292785
-2.336287752
-2.410082488
-2.45992002
-2.485329796
-2.48608677
-2.462150025
-2.413744606
-2.341361524
-2.245778211
-2.127833477
-1.988816224
-1.830015352
-1.653067563
-1.459691392
-1.251789504
-1.031510068
-0.800919418
-0.562472605
-0.318361275
-0.071163229
0.176743201
0.422933653
0.664924946
0.900328518
1.126786499
1.342033081
1.543981471
1.730606252
1.900025218
2.050581211
2.18078074
2.289293987
2.375138931
2.43737447
2.475427758
2.488848703
2.477616845
2.441752644
2.381644816
2.297845748
2.191296541
2.062979218
1.914141761
1.746339036
1.561187285
1.360527797
1.146334841
0.920777045
0.686084415
0.44455856
0.198687776
-0.049168147
-0.296557354
-0.541011369
-0.780112862
-1.011460486
-1.232773089
-1.441810439
-1.636557346
-1.815060001
-1.975518032
-2.116356114
-2.236203513
-2.333832701
-2.408302576
-2.458835706
-2.484981998
-2.486414111
-2.463193421
-2.4154836
-2.343796116
-2.248826566
-2.131536512
-1.993071645
-1.83482316
-1.658366381
-1.465440303
-1.257927131
-1.037985264
-0.807681037
-0.569387665
-0.325437447
-0.078282237
0.169631226
0.4159163
0.658071262
0.893699881
1.120434055
1.336079583
1.53839623
1.725471104
1.895442457
2.046530377
2.177364128
2.286532055
2.373011221
2.435921898
2.474670784
2.488807785
2.478271525
2.443123381
2.383690692
2.300587221
2.194672236
2.066948216
1.918704063
1.751412808
1.566731609
1.366481295
1.152636138
0.927405683
0.692927869
0.451560569
0.205753719
-0.042036352
-0.289486296
-0.534075851
-0.773361472
-1.004944372
-1.226584315
-1.43602061
-1.631197152
-1.810170358
-1.971180775
-2.112612162
-2.233093782
-2.331336733
-2.406481747
-2.457751392
-2.484552364
-2.486720992
-2.4641959
-2.417181677
-2.346148873
-2.251895379
-2.135178171
-1.997327066
-1.839630968
-1.66364474
-1.471168755
-1.264054529
-1.044419543
-0.81438128
-0.57630784
-0.332475259
-0.08538718
0.162530759
0.408898946
0.651212464
0.887050785
1.114050923
1.330044249
1.532770072
1.720356415
1.89077786
2.042520461
2.173906598
2.283708746
2.370863051
2.434489785
2.47391381
2.488746409
2.478926205
2.444473659
2.385736567
2.303308236
2.198007014
2.070896757
1.923225449
1.756404744
1.572235014
1.372414335
1.158968123
0.933983173
0.699740635
0.458572808
0.212863137
-0.034913508
-0.282405009
-0.527104529
-0.766610082
-0.998438487
-1.220385312
-1.430210323
-1.62579604
-1.805280715
-1.966843519
-2.108847751
-2.229922674
-2.328881682
-2.404681376
-2.456605702
-2.48412273
-2.486986956
-2.465157462
-2.418859295
-2.348542547
-2.254882358
-2.138840288
-2.001582488
-1.844418317
-1.668984476
-1.476897207
-1.270171697
-1.05088451
-0.821142899
-0.58321267
-0.339507957
-0.092483811
0.155459701
0.401891822
0.644353665
0.880391459
1.107688249
1.324019145
1.527184831
1.715200808
1.88617464
2.038428709
2.170428609
2.280885438
2.368694423
2.432975837
2.473115918
2.488664574
