26
-99
-32
99
39
-95
-44
94
51
-89
-56
87
63
-82
-67
80
73
-73
-76
70
82
-63
-85
58
91
-51
-92
47
97
-40
-97
34
101
-26
-102
21
105
-13
-103
7
105
0
-104
-5
105
13
-103
-18
103
26
-99
-32
99
39
-96
-44
94
51
-88
-56
87
63
-82
-67
79
73
-73
-76
69
83
-62
-85
58
91
-51
-93
46
97
-39
-98
34
101
-26
-102
20
104
-12
-103
6
105
2
-104
-6
106
13
-102
-19
103
27
-99
-33
99
41
-95
-45
94
52
-89
-57
86
64
-81
-68
78
74
-72
-77
67
84
-61
-86
57
91
-49
-93
46
98
-38
-98
32
102
-24
-103
19
104
-11
-104
6
105
2
-104
-7
106
14
-102
-20
102
28
-98
-35
98
42
-94
-46
93
53
-88
-57
86
65
-81
-69
78
75
-72
-78
67
84
-61
-86
57
91
-49
-93
45
97
-37
-98
32
102
-24
-102
19
105
-10
-103
5
106
3
-104
-8
105
15
-102
-21
103
29
-98
-35
98
42
-94
-47
92
54
-87
-58
85
65
-80
-69
78
76
-71
-78
66
84
-59
-87
55
92
-48
-93
44
98
-35
-98
30
103
-23
-102
18
105
-9
-103
4
106
3
-104
-9
105
16
-102
-22
103
30
-99
-36
98
43
-94
-47
92
55
-87
-59
86
66
-79
-71
76
76
-70
-79
65
85
-58
-88
54
93
-48
-94
43
98
-35
-99
30
102
-21
-102
17
105
-9
-103
3
105
4
-104
-9
105
16
-101
-22
102
31
-98
-36
98
45
-93
-49
91
55
-86
-61
85
66
-78
-71
75
77
-69
-80
65
85
-58
-88
54
93
-48
-95
43
98
-35
-99
29
102
-21
-102
16
104
-7
-104
2
105
5
-104
-10
105
17
-102
-24
101
32
-98
-37
97
44
-93
-49
92
56
-86
-61
84
68
-78
-71
75
77
-67
-81
64
86
-57
-88
54
93
-46
-94
42
99
-33
-100
29
103
-21
-102
15
105
-6
-104
1
106
6
-104
-11
105
19
-100
-25
101
32
-98
-38
97
45
-93
-50
91
57
-85
-61
84
68
-78
-72
75
78
-67
-81
64
86
-57
-89
53
94
-46
-95
41
99
-32
-100
28
103
-20
-103
14
105
-6
-104
0
106
7
-104
-12
104
20
-101
-26
101
34
-97
-39
97
46
-93
-51
91
58
-84
-62
83
68
-77
-72
74
78
-67
-82
63
86
-56
-89
52
94
-44
-95
40
99
-32
-100
27
103
-19
-103
14
105
-5
-104
-1
106
8
-104
-13
104
20
-101
-26
101
34
-97
-39
96
46
-92
-51
90
58
-84
-63
83
69
-76
-73
74
78
-67
-82
62
87
-55
-89
52
94
-45
-96
39
100
-31
-100
26
103
-18
-103
12
105
-4
-104
0
106
9
-104
-14
104
21
-101
-27
101
35
-97
-41
97
47
-92
-52
90
59
-84
-63
82
70
-76
-73
73
79
-65
-82
62
88
-55
-90
51
94
-44
-96
39
99
-30
-101
26
104
-17
-103
12
105
-4
-103
-1
106
9
-105
-14
104
22
-100
-28
100
35
-96
-41
96
48
-91
-52
89
60
-84
-64
82
69
-75
-73
72
80
-65
-82
62
89
-55
-90
51
95
-43
-97
39
100
-30
-100
25
103
-16
-103
12
105
-3
-104
-2
106
10
-103
-15
104
23
-100
-28
100
36
-96
-41
95
49
-91
-53
89
60
-85
-64
82
70
-75
-74
71
79
-65
-83
61
88
-54
-91
50
95
-42
-97
38
100
-30
-100
24
104
-16
-103
11
105
-2
-104
-2
106
10
-103
-15
104
23
-100
-29
100
37
-96
-42
95
49
-91
-54
89
60
-84
-65
81
70
-75
-75
71
80
-65
-84
60
89
-54
-91
49
96
-42
-97
37
100
-28
-101
23
104
-15
-103
10
106
-1
-104
-2
106
11
-103
-17
103
24
-100
-30
100
37
-96
-42
94
49
-90
-54
89
61
-83
-65
80
71
-75
-75
71
81
-64
-84
60
90
-53
-92
48
96
-41
-97
37
100
-28
-101
22
104
-13
-103
9
105
0
-105
-3
105
12
-103
-17
103
25
-99
-31
100
39
-96
-43
94
51
-89
-55
88
62
-83
-66
80
71
-74
-75
70
81
-63
-84
59
90
-52
-92
48
96
-39
-97
36
101
-26
-101
22
105
-13
-103
9
106
0
-105
-4
105
13
-103
-17
103
26
-100
-32
100
39
-95
-44
94
52
-89
-56
87
63
-82
-66
79
73
-73
-76
68
83
-63
-85
58
91
-52
-92
47
97
-39
-97
34
102
-26
-101
21
104
-13
-103
7
105
0
-105
-5
105
13
-102
-18
103
26
-99
-33
99
39
-96
-44
94
51
-89
-56
87
63
-82
-68
79
73
-73
-76
68
83
-62
-85
58
92
-51
-93
46
97
-38
-98
33
102
-25
-102
20
104
-12
-103
6
106
2
-104
-7
105
14
-102
-19
103
27
-99
-34
99
41
-96
-46
93
52
-88
-57
86
64
-81
-68
78
74
-72
-77
68
84
-60
-86
57
91
-49
-93
45
98
-38
-98
32
101
-24
-102
19
105
-11
-103
6
105
2
-103
-7
106
14
-102
-21
102
28
-98
-34
98
42
-94
-47
92
53
-88
-58
85
65
-80
-68
78
75
-72
-78
66
84
-61
-87
55
92
-49
-93
44
98
-37
-98
31
102
-23
-102
19
104
-10
-104
5
106
3
-104
-8
105
16
-102
-21
103
29
-99
-35
98
42
-94
-47
93
54
-87
-58
85
65
-80
-70
77
76
-71
-78
66
84
-59
-87
55
93
-48
-93
44
98
-36
-98
30
102
-22
-102
17
105
-9
-103
4
105
3
-103
-9
105
16
-102
-22
102
30
-99
-36
98
43
-93
-47
92
56
-87
-59
85
66
-79
-70
76
76
-69
-79
65
85
-58
-88
54
92
-47
-94
43
98
-35
-99
30
102
-22
-102
17
105
-9
-104
3
105
4
-104
-9
105
16
-101
-23
102
30
-99
-36
98
44
-93
-48
91
55
-87
-60
85
66
-79
-70
76
76
-69
-80
65
86
-58
-88
55
92
-47
-94
43
98
-34
-99
30
102
-21
-102
16
105
-7
-103
3
106
5
-103
-10
104
18
-101
-24
101
32
-98
-37
98
45
-92
-49
91
56
-86
-61
84
66
-78
-71
75
78
-68
-81
65
85
-57
-89
54
93
-47
-95
42
99
-33
-99
29
103
-21
-102
16
105
-7
-104
2
105
6
-104
-10
105
18
-100
-25
101
33
-98
-38
97
45
-93
-49
91
56
-86
-62
84
67
-77
-71
75
79
-67
-81
64
86
-57
-88
53
93
-46
-94
41
99
-33
-100
28
103
-20
-102
14
105
-5
-104
0
106
7
-104
-12
104
20
-101
-25
101
33
-98
-38
97
46
-93
-50
91
57
-85
-62
83
68
-78
-72
74
78
-67
-82
63
87
-56
-89
53
94
-45
-95
41
99
-32
-100
28
104
-19
-103
13
105
-6
-104
0
106
8
-104
-12
105
20
-101
-26
101
34
-97
-39
97
46
-92
-51
90
57
-84
-63
83
69
-77
-72
74
78
-67
-82
63
87
-56
-90
52
94
-44
-95
40
99
-31
-100
27
103
-19
-102
14
105
-5
-103
0
106
8
-103
-13
104
21
-100
-26
101
35
-97
-40
97
47
-92
-52
90
59
-84
-63
82
70
-76
-73
73
79
-65
-83
62
88
-55
-90
51
95
-44
-96
39
99
-30
-100
25
104
-17
-103
12
105
-3
-104
-1
106
9
-103
-14
104
22
-101
-28
100
35
-97
-40
96
48
-91
-52
89
60
-85
-64
81
69
-75
-74
72
79
-65
-82
62
89
-54
-91
51
95
-43
-96
38
100
-30
-100
24
104
-16
-103
11
105
-2
-104
-2
105
10
-103
-15
104
23
-100
-29
100
37
-97
-42
95
49
-91
-54
89
61
-84
-65
81
71
-74
-75
72
80
-64
-83
60
89
-53
-92
49
96
-42
-97
37
100
-28
-100
23
104
-15
-103
9
106
-1
-105
-3
106
11
-103
-16
103
24
-100
-30
100
37
-96
-43
95
51
-89
-54
89
61
-83
-65
80
71
-75
-75
71
81
-64
-84
60
90
-53
-92
48
96
-41
-96
36
100
-28
-101
23
104
-14
-104
9
105
-1
-105
-3
106
12
-103
-17
103
24
-100
-32
100
38
-96
-44
94
51
-89
-55
88
62
-83
-66
81
72
-74
-76
70
81
-63
-85
58
91
-52
-92
49
96
-40
-97
36
101
-26
-102
22
105
-13
-103
8
106
0
-104
-4
105
13
-103
-17
103
25
-99
-32
100
39
-96
-44
94
51
-89
-56
88
63
-82
-67
79
73
-73
-76
69
83
-63
-85
59
91
-52
-92
47
97
-40
-98
34
101
-26
-101
21
104
-13
-103
7
105
0
-104
-5
105
13
-102
-19
103
26
-99
-32
99
39
-96
-44
94
52
-88
-57
87
63
-81
-68
79
74
-73
-78
68
83
-61
-85
57
92
-51
-93
46
97
-39
-98
32
102
-25
-102
21
105
-12
-103
6
106
2
-105
-7
106
14
-103
-20
103
27
-99
-33
99
41
-96
-45
94
52
-88
-57
86
64
-81
-68
78
74
-72
-77
67
83
-61
-86
56
91
-50
-93
46
98
-38
-98
32
102
-24
-102
20
104
-11
-104
5
106
2
-104
-7
105
15
-102
-20
102
28
-99
-34
98
42
-95
-46
93
54
-88
-58
86
64
-80
-68
78
75
-71
-78
66
85
-60
-86
56
91
-49
-93
45
98
-37
-98
32
102
-23
-102
19
104
-11
-104
5
105
2
-104
-7
105
15
-102
-21
103
28
-99
-35
98
42
-94
-47
92
54
-87
-58
85
65
-80
-69
77
75
-71
-78
66
84
-60
-87
56
92
-48
-94
45
98
-36
-99
31
101
-23
-103
18
104
-11
-104
5
106
3
-104
-8
105
17
-102
-22
102
30
-99
-35
98
43
-94
-48
92
55
-88
-59
86
66
-79
-70
77
75
-70
-79
66
86
-59
-87
55
92
-48
-94
44
98
-35
-98
30
102
-23
-102
18
104
-9
-104
4
105
4
-104
-9
105
16
-102
-23
102
30
-99
-36
98
43
-94
-48
92
55
-87
-60
85
67
-80
-70
76
76
-70
-79
66
84
-57
-88
54
92
-48
-94
43
98
-36
-99
30
102
-21
-103
17
104
-9
-104
4
105
4
-103
-9
105
17
-101
-23
102
31
-98
-36
98
44
-93
-48
91
55
-86
-60
85
66
-79
-70
76
77
-69
-80
65
85
-58
-89
54
93
-47
-94
42
98
-34
-99
29
102
-21
-103
16
104
-7
-104
3
106
5
-104
-10
105
18
-101
-24
102
32
-98
-37
98
45
-93
-49
91
57
-85
-61
84
67
-79
-71
75
78
-68
-81
65
85
-57
-89
54
93
-46
-94
42
99
-33
-99
29
103
-21
-102
15
105
-7
-103
2
106
5
-104
-10
104
19
-101
-25
101
33
-98
-38
97
46
-93
-50
91
56
-86
-62
83
67
-77
-72
75
78
-68
-81
64
86
-56
-90
53
94
-45
-95
41
99
-32
-100
28
103
-19
-103
14
105
-7
-104
0
106
7
-104
-12
105
20
-101
-26
101
33
-97
-39
97
46
-93
-51
91
57
-84
-63
83
68
-77
-73
74
78
-66
-82
63
86
-56
-89
52
94
-44
-96
40
100
-31
-100
27
103
-19
-102
13
104
-6
-103
0
105
8
-104
-13
104
20
-101
-27
101
35
-97
-40
96
47
-92
-51
90
59
-84
-64
83
69
-76
-73
73
79
-66
-82
62
88
-55
-90
51
95
-44
-96
40
99
-31
-100
26
104
-19
-103
13
105
-4
-103
-1
106
9
-104
-14
104
22
-100
-27
100
35
-96
-41
96
48
-91
-52
90
60
-85
-64
82
70
-76
-73
73
79
-65
-83
62
88
-55
-90
51
95
-43
-96
38
99
-30
-100
25
104
-17
-103
12
105
-3
-104
-2
106
9
-103
-14
103
23
-100
-28
100
36
-96
-41
95
48
-90
-53
89
60
-84
-64
82
70
-74
-75
72
80
-65
-84
61
89
-54
-90
50
95
-43
-97
37
101
-29
-100
24
104
-16
-103
11
106
-2
-104
-2
105
11
-103
-16
104
23
-100
-29
101
37
-97
-42
96
49
-91
-54
88
61
-84
-64
81
71
-75
-75
71
80
-65
-83
60
89
-54
-91
50
95
-42
-97
37
100
-29
-101
23
104
-15
-103
10
105
-1
-104
-3
106
11
-103
-17
103
24
-100
-30
100
37
-96
-43
95
51
-90
-54
89
61
-83
-65
81
71
-75
-75
71
81
-64
-84
60
90
-53
-92
49
96
-40
-97
36
101
-27
-101
23
105
-14
-103
9
105
0
-105
-3
106
12
-103
-17
103
25
-100
-30
100
39
-96
-44
94
51
-89
-56
88
63
-83
-67
80
73
-74
-76
70
82
-63
-84
59
91
-52
-92
48
96
-40
-97
35
101
-26
-101
22
104
-14
-103
8
106
0
-105
-4
105
13
-104
-17
103
26
-99
-32
99
39
-96
-44
94
51
-89
-56
87
63
-82
-67
80
73
-73
-76
69
82
-63
-85
58
91
-51
-92
47
97
-40
-97
34
101
-27
-101
21
105
-13
-103
8
105
0
-104
-5
106
13
-102
-18
103
26
-99
-33
100
39
-96
-44
94
52
-89
-56
87
63
-82
-67
79
73
-73
-77
69
83
-63
-85
58
91
-51
-93
46
96
-40
-97
34
101
-25
-101
21
104
-12
-103
7
105
2
-105
-6
106
13
-103
-19
103
27
-99
-34
99
41
-95
-44
94
52
-88
-56
86
63
-81
-67
79
74
-72
-77
69
83
-61
-86
57
92
-50
-92
46
96
-38
-98
33
102
-24
-102
20
104
-11
-103
6
105
2
-104
-7
106
14
-102
-19
103
27
-99
-33
99
41
-96
-45
93
53
-88
-57
86
64
-81
-68
78
74
-72
-77
67
84
-60
-86
56
91
-49
-93
46
98
-38
-98
33
102
-24
-102
19
104
-10
-103
5
105
2
-104
-7
105
15
-102
-20
103
28
-98
-34
98
42
-94
-46
93
54
-87
-58
86
65
-80
-69
77
76
-71
-78
67
84
-60
-86
56
92
-48
-93
45
97
-36
-98
31
102
-22
-103
19
104
-10
-104
5
105
3
-104
-8
106
16
-102
-21
102
29
-99
-35
98
43
-94
-48
93
54
-87
-59
85
65
-79
-70
77
76
-70
-79
66
84
-58
-87
55
93
-48
-94
43
98
-36
-98
31
102
-22
-103
17
104
-9
-104
3
105
5
-103
-9
104
17
-101
-23
102
31
-99
-36
98
44
-93
-48
92
55
-86
-60
85
66
-79
-71
76
77
-68
-80
65
86
-59
-89
55
93
-47
-93
43
98
-35
-100
30
103
-21
-102
16
105
-7
-104
3
106
5
-104
-10
105
18
-101
-24
102
31
-99
-37
98
45
-94
-49
91
56
-85
-61
85
66
-79
-71
76
77
-68
-81
64
87
-57
-89
54
94
-47
-95
41
99
-33
-99
29
103
-21
-102
15
105
-7
-104
1
106
6
-104
-11
105
19
-101
-24
101
32
-98
-38
97
45
-92
-50
90
57
-85
-62
83
68
-78
-72
75
78
-67
-81
64
86
-56
-89
53
94
-45
-95
41
98
-32
-100
28
103
-19
-102
14
105
-6
-104
0
106
7
-105
-11
104
19
-101
-26
101
34
-98
-39
97
46
-93
-50
91
56
-85
-62
83
68
-77
-72
74
77
-67
-82
63
87
-56
-89
52
93
-45
-95
41
100
-32
-100
28
103
-18
-103
13
106
-5
-104
0
106
8
-103
-13
104
21
-100
-26
101
34
-97
-40
96
46
-91
-51
90
59
-84
-63
83
69
-77
-73
74
78
-66
-82
62
87
-55
-90
52
95
-44
-96
39
100
-31
-100
26
104
-17
-103
13
105
-4
-104
0
106
8
-104
-14
104
21
-100
-27
101
36
-97
-41
96
47
-91
-52
90
60
-84
-64
83
70
-76
-74
73
79
-65
-83
62
88
-55
-90
51
94
-43
-96
39
99
-30
-100
25
103
-17
-103
12
105
-3
-103
-1
106
9
-104
-15
104
23
-100
-28
100
36
-97
-42
95
48
-90
-53
89
60
-84
-64
82
69
-75
-74
72
79
-66
-83
61
88
-54
-91
50
95
-42
-97
38
100
-30
-101
24
104
-16
-103
11
106
-3
-104
-1
105
10
-103
-15
104
23
-100
-29
100
37
-97
-42
95
49
-90
-53
89
61
-83
-65
81
70
-75
-75
71
80
-64
-83
61
89
-54
-92
49
96
-42
-97
37
100
-28
-101
24
104
-15
-103
10
105
-1
-104
-3
106
11
-103
-17
103
24
-100
-30
101
37
-96
-43
95
49
-90
-54
89
61
-84
-65
80
71
-74
-75
71
81
-64
-84
60
89
-53
-91
49
96
-41
-98
37
100
-28
-101
23
104
-14
-104
9
105
-1
-105
-2
105
11
-103
-16
103
24
-100
-30
100
38
-96
-43
94
50
-90
-55
88
62
-83
-66
80
71
-74
-75
70
81
-63
-84
59
91
-53
-91
48
96
-40
-98
36
100
-27
-100
22
104
-14
-103
9
106
0
-105
-3
105
13
-103
-17
103
24
-100
-31
100
38
-96
-44
95
50
-89
-55
88
62
-83
-66
80
73
-73
-76
70
82
-63
-84
59
91
-52
-92
48
96
-39
-97
35
101
-26
-101
22
104
-14
-103
8
106
0
-105
-4
106
12
-103
-18
103
25
-99
-32
100
39
-97
-44
94
51
-89
-56
87
63
-82
-67
80
72
-73
-76
70
83
-63
-85
58
91
-52
-92
48
96
-40
-97
35
101
-26
-102
21
104
-13
-103
7
105
1
-104
-5
106
13
-103
-19
103
27
-99
-33
99
40
-96
-45
94
52
-87
-57
87
63
-81
-68
79
73
-73
-76
68
83
-62
-86
57
92
-51
-92
46
97
-38
-97
33
102
-25
-103
20
104
-12
-103
6
106
2
-105
-7
106
14
-103
-19
103
27
-99
-33
99
41
-96
-45
94
52
-88
-57
86
64
-80
-69
78
75
-72
-77
67
84
-61
-86
57
91
-49
-93
46
97
-38
-98
32
102
-24
-102
20
105
-11
-103
5
106
2
-104
-7
105
15
-103
-20
102
28
-99
-34
98
42
-94
-46
93
53
-88
-58
86
65
-81
-69
78
75
-72
-78
67
84
-60
-87
56
91
-48
-94
45
98
-37
-98
31
102
-23
-103
19
105
-10
-103
5
106
3
-105
-9
105
16
-102
-22
102
29
-99
-35
98
43
-94
-47
93
54
-88
-58
85
65
-79
-70
77
75
-70
-79
66
85
-59
-88
55
93
-49
-94
44
97
-36
-98
30
102
-22
-103
17
105
-9
-104
4
105
3
-103
-9
105
17
-103
-23
102
30
-99
-36
98
43
-94
-48
92
55
-87
-60
85
66
-80
-71
76
76
-69
-79
66
85
-58
-88
55
93
-47
-94
43
98
-35
-99
30
102
-21
-102
17
105
-8
-103
3
106
5
-104
-9
105
17
-102
-24
102
31
-99
-37
98
44
-94
-49
92
55
-86
-61
84
67
-79
-71
76
78
-69
-80
65
86
-58
-88
55
93
-46
-94
43
98
-34
-99
30
102
-21
-103
16
104
-8
-104
2
105
5
-104
-10
105
18
-102
-24
102
32
-97
-38
98
44
-93
-49
91
56
-85
-61
84
67
-78
-71
75
78
-68
-81
65
86
-57
-89
53
93
-46
-94
42
99
-33
-100
28
103
-21
-103
15
105
-7
-104
1
106
6
-104
-11
105
19
-101
-25
102
33
-98
-38
98
45
-93
-49
91
57
-86
-62
84
67
-78
-71
75
78
-67
-81
64
86
-57
-89
53
94
-45
-95
41
99
-32
-100
28
103
-19
-103
14
105
-7
-104
1
106
7
-104
-12
104
20
-101
-26
101
34
-97
-39
97
46
-93
-51
91
57
-85
-62
83
68
-78
-73
74
78
-66
-82
63
88
-56
-90
53
94
-44
-96
40
99
-32
-100
27
104
-19
-103
14
105
-5
-104
0
106
7
-104
-13
104
21
-101
-26
101
34
-97
-40
97
46
-92
-51
90
58
-84
-63
83
69
-76
-73
74
78
-66
-82
62
88
-55
-90
52
94
-44
-96
40
100
-31
-100
26
103
-18
-103
13
105
-4
-104
0
106
9
-104
-14
104
21
-101
-27
101
35
-97
-40
96
47
-93
-52
90
59
-85
-64
82
70
-76
-73
73
79
-65
-83
62
88
-55
-90
51
94
-44
-96
39
99
-30
-101
25
104
-17
-103
13
105
-4
-104
-1
106
9
-104
-14
104
22
-101
-27
101
35
-97
-41
96
48
-92
-53
90
59
-84
-64
82
70
-76
-74
73
79
-65
-83
62
88
-54
-90
51
95
-43
-96
38
100
-30
-100
25
104
-16
-103
12
105
-3
-104
-2
105
10
-104
-15
103
23
-100
-28
100
37
-96
-42
95
49
-90
-53
89
60
-84
-64
82
71
-74
-75
71
80
-65
-83
61
89
-54
-91
50
96
-42
-97
38
100
-29
-100
24
104
-15
-103
10
106
-1
-104
-2
106
10
-103
-15
103
24
-100
-29
100
37
-96
-42
95
49
-90
-54
89
61
-84
-65
81
71
-75
-75
71
80
-64
-83
60
89
-52
-92
49
96
-41
-97
36
100
-28
-101
23
104
-15
-103
10
106
-1
-104
-3
106
11
-103
-17
103
25
-100
-31
100
38
-96
-44
95
50
-90
-54
88
61
-83
-65
80
72
-74
-75
70
81
-63
-84
59
91
-53
-92
48
96
-40
-97
35
101
-27
-102
22
103
-14
-103
8
105
0
-105
-4
106
12
-103
-18
103
25
-100
-32
100
39
-96
-44
94
51
-89
-56
87
63
-83
-66
80
72
-73
-76
70
82
-62
-85
59
91
-51
-93
47
96
-40
-97
34
101
-26
-102
22
105
-13
-103
7
106
0
-104
-5
105
13
-102
-19
103
